2061
318
22092
8113
30
198
44939
8113
318
281
2562
12
1462
12
4625
1481
1438
1813
284
1168
7211
1754
338
1502
30798
3895
326
3607
20742
656
262
3722
286
262
6266
13
317
30798
318
257
3975
286
257
1429
326
15623
832
35582
4831
13
220
198
464
1502
30798
3557
689
7216
3053
290
29287
19605
284
534
7072
14
19425
1597
355
880
355
534
4297
284
1394
345
290
606
7981
546
262
3722
286
262
6266
13
198
15022
364
460
635
2610
511
1502
3722
9066
290
6153
319
511
1502
12641
2443
706
7675
12560
262
1502
13
198
21106
318
262
22032
4478
703
257
1336
1351
286
1502
1185
2664
351
640
290
6764
481
1656
284
262
4297
25
628
220
198
7293
3906
286
22092
8113
198
4342
318
262
1351
286
6805
973
287
262
22092
8113
3895
25
198
19667
784
340
447
247
82
257
1181
14
9662
262
1502
15623
832
357
19107
416
262
28543
36954
393
25872
5538
737
632
3407
4847
884
355
7508
290
2223
357
273
4028
8
284
307
5281
503
319
8978
257
1948
10139
13
198
12360
784
3407
1438
290
6764
286
262
10139
13
357
10049
262
1438
318
7424
287
262
10139
2014
198
12502
784
281
4905
6157
416
257
10139
618
262
1502
12229
257
1948
10139
13
775
423
1811
2747
18156
4028
1626
674
1080
13
198
8291
653
784
257
6801
318
257
5202
7997
416
262
15452
357
292
3402
287
262
1708
22032
8
326
8849
262
4571
286
262
1502
13
383
15452
4962
4077
4478
543
3108
14
11125
468
2077
416
262
1502
13
198
37103
784
262
1785
318
281
8055
326
20022
262
1502
284
1445
422
530
10139
284
262
584
618
257
1728
2099
286
2223
14
31448
2753
1295
13
18715
743
2291
10425
11
3848
11
262
10066
286
640
11
393
2391
257
1181
1487
13
628
220
198
6425
25
383
10139
14537
287
10912
3124
2523
262
1459
1181
286
262
1502
287
262
30798
355
3402
2174
25
628
198
198
7293
3906
286
22092
8113
198
4342
318
262
1351
286
6805
973
287
262
22092
8113
3895
25
198
19667
784
340
447
247
82
257
1181
14
9662
262
1502
15623
832
357
19107
416
262
28543
36954
393
25872
5538
737
632
3407
4847
884
355
7508
290
2223
357
273
4028
8
284
307
5281
503
319
8978
257
1948
10139
13
198
12360
784
3407
1438
290
6764
286
262
10139
13
357
10049
262
1438
318
7424
287
262
10139
2014
198
12502
784
281
4905
6157
416
257
10139
618
262
1502
12229
257
1948
10139
13
775
423
1811
2747
18156
4028
1626
674
1080
13
198
8291
653
784
257
6801
318
257
5202
7997
416
262
15452
357
292
3402
287
262
1708
22032
8
326
8849
262
4571
286
262
1502
13
383
15452
4962
4077
4478
543
3108
14
11125
468
2077
416
262
1502
13
198
37103
784
262
1785
318
281
8055
326
20022
262
1502
284
1445
422
530
10139
284
262
584
618
257
1728
2099
286
2223
14
31448
2753
1295
13
18715
743
2291
10425
11
3848
11
262
10066
286
640
11
393
2391
257
1181
1487
13
198
23615
30798
198
32
3938
27658
30798
460
307
3562
329
534
7072
393
2057
1597
1912
319
534
5359
11
2158
11
262
8997
30798
318
262
4277
30798
2727
284
4691
477
262
4096
4959
286
534
1597
355
880
355
4297
13
198
198
23595
286
262
8997
30798
198
464
30798
6971
477
1440
2139
3858
784
7585
11
1090
1443
485
11
19422
11
290
288
500
12
259
13
220
198
1639
460
2453
393
4968
262
6266
422
262
7237
484
3328
11
287
262
22092
4809
598
11
290
422
262
8284
57
7211
598
13
198
464
1502
30798
6971
262
3941
278
362
13
15
1080
13
198
1890
262
1090
1443
485
1502
11
262
6491
318
17600
2884
281
3053
393
29287
284
3904
319
262
366
3163
36207
1
4936
284
19361
345
326
484
423
5284
379
262
1090
1443
485
13
198
15022
6218
884
355
3053
393
29287
24019
389
973
284
19361
345
355
880
355
534
4297
13
2312
2420
24019
460
307
27658
284
2872
534
4508
5369
11
884
355
4508
7577
11
26806
11
38489
11
290
523
319
13
198
464
3722
286
262
1502
318
6153
287
262
22092
4809
598
13
198
1639
460
751
3224
640
284
262
1502
706
23366
262
1502
290
4296
262
6491
546
262
649
640
1262
29287
393
3053
13
220
198
2025
3053
318
1908
284
262
6491
1626
1987
2250
284
2423
262
1502
13
198
198
23615
30798
4847
220
198
8053
286
3834
12
44041
1912
319
2139
3858
784
198
26628
1443
485
62
11125
198
35
500
259
62
11125
198
33129
62
11125
198
31686
929
62
11125
198
220
198
8053
286
13760
198
6214
262
1708
3084
286
13760
351
511
16969
326
389
973
287
262
8997
30798
25
198
220
198
220
198
8053
286
4028
198
6214
262
1708
3084
286
4028
351
511
16969
326
389
973
287
262
8997
30798
25
198
220
198
6395
4028
220
198
19452
20941
532
257
1080
12
27568
1785
3616
645
2836
11
9429
5797
11
393
7072
3085
460
18135
287
326
1785
13
198
5124
723
784
257
10107
2223
2077
2035
416
262
7072
393
262
6491
416
12264
257
4936
13
198
220
198
3673
2649
24019
973
287
262
30798
198
6425
25
5825
17041
389
3938
27658
284
2872
262
804
290
1254
286
534
4508
13
198
464
13399
7223
284
366
86
14
83
1
357
1477
1506
392
286
366
4480
4943
287
262
1708
22032
389
262
14483
24019
973
351
262
4028
287
262
13760
25
198
198
8053
286
14483
24019
973
287
262
30798
532
198
32
3903
12004
1502
198
19197
434
25743
198
19452
2899
415
8284
198
18546
36241
4216
16548
198
34
21130
8284
329
11787
198
12982
8284
7326
36241
198
18743
18162
18319
198
35474
329
12346
929
198
26628
1443
485
27350
1079
198
18743
27910
329
26078
198
35474
329
28682
198
18332
1891
19390
198
220
198
220
198
8053
286
2995
198
6214
262
1708
3084
286
2995
290
511
16969
973
287
262
8997
30798
25
198
220
198
220
198
6395
2995
784
1785
12
3106
20022
198
220
198
198
2202
640
6153
25
220
198
2202
640
15068
11
428
1785
20022
262
2034
50108
2223
357
64
4574
14483
284
262
8284
57
7211
8
290
11787
50
5653
357
82
1571
29287
284
262
2985
8
19698
606
546
262
649
640
13
198
220
198
18743
15068
25
198
464
1502
460
307
12328
287
262
6491
2139
598
13
198
2215
262
15068
2753
1295
319
262
1502
1281
262
1502
12641
11
788
257
4574
14483
318
1908
2884
8284
57
7211
598
284
262
10808
11
290
281
29287
318
1908
284
262
6491
13
383
14483
318
635
1908
284
15843
407
4035
606
284
787
262
2458
284
5764
2173
284
262
2985
16062
13
198
2202
2038
15068
635
5679
262
976
1429
13
198
220
198
2202
12929
466
25
198
1026
318
262
12929
1429
326
2753
1295
416
407
4035
262
2985
1262
262
4574
19605
290
29287
11
981
407
4035
262
15843
4056
13
198
2202
2038
12929
635
5679
262
976
1429
13
198
198
32
1090
1443
485
19422
1502
318
257
2139
416
543
262
6491
460
2824
511
1502
981
5637
21639
287
511
5672
13
843
262
7072
3085
6774
262
1502
284
606
13
198
4342
318
262
1429
5447
287
262
1090
1443
485
1502
5202
319
703
262
1502
2925
832
1180
2585
14
20214
422
262
1502
13127
284
262
1502
6497
510
416
262
8319
13
198
7454
262
6491
4113
257
1090
1443
485
1502
11
484
460
2610
262
1502
3722
319
262
1502
12641
2443
357
292
3402
287
262
1708
22032
737
628
220
198
1639
460
1064
262
1502
30798
739
262
7929
7400
286
262
1502
287
262
22092
4809
598
13
198
4211
1514
284
6491
12
15271
13
89
7211
1754
13
785
1875
2922
281
1502
1875
7929
7400
198
4342
11
739
262
7929
7400
11
345
460
766
262
2104
30798
286
262
1502
13
7281
262
13646
286
262
1090
1443
485
5202
287
262
1502
30798
284
1833
703
340
2499
13
220
198
16
13
554
428
1339
11
262
1502
318
287
262
1502
4624
10139
11
543
1724
326
262
1502
468
587
4624
290
318
21859
12641
422
534
886
13
220
628
220
198
17
13
4874
345
3904
262
7326
2533
8284
4936
11
628
220
198
272
3053
290
29287
389
1908
284
262
6491
407
4035
606
546
262
12641
286
511
1502
4624
13
198
21106
318
281
1672
286
262
29287
326
2925
284
262
6491
13
632
3407
262
3307
546
262
2099
286
1502
4624
290
262
12641
2438
13
628
220
198
18
13
1649
262
1502
318
3492
284
307
6497
510
416
262
6491
11
345
460
2277
262
8284
23432
4936
13
198
7
1169
1502
5679
262
4424
1443
485
8284
5202
8
628
220
198
19
13
1550
10325
11
262
6491
460
2277
319
262
5923
49
3824
1961
4936
284
19361
345
326
484
423
4251
290
389
4953
379
262
1090
1443
485
13
198
198
6425
25
36707
481
635
3328
281
29287
7268
262
2792
284
262
2443
810
484
460
3904
319
262
366
283
36207
1
4936
13
628
220
198
7
3152
428
11
262
1502
6100
284
262
22092
27350
1079
10139
8
628
220
198
3844
11
1752
534
3085
2888
2925
503
284
1021
625
262
1502
284
262
6491
11
345
460
1317
340
355
564
250
47
9484
3205
447
251
13
628
220
220
198
8134
3447
262
2443
284
766
262
6153
3722
13
921
460
635
3904
319
262
5243
12163
284
2610
262
1502
3722
13
628
220
198
7
464
1502
468
4251
262
8284
32983
10139
8
198
198
6425
25
1114
257
1090
1443
485
1502
11
345
460
1317
262
1502
355
32983
611
262
2836
1595
447
247
83
3904
319
262
2792
290
2925
656
534
3650
284
2824
262
1502
13
198
464
1844
1502
3722
1863
351
511
640
481
307
7424
284
262
4297
355
3402
2174
784
628
198
32
1090
1443
485
19422
1502
318
257
2139
416
543
262
6491
460
2824
511
1502
981
5637
21639
287
511
5672
13
843
262
7072
3085
6774
262
1502
284
606
13
198
4342
318
262
1429
5447
287
262
1090
1443
485
1502
5202
319
703
262
1502
2925
832
1180
2585
14
20214
422
262
1502
13127
284
262
1502
6497
510
416
262
8319
13
198
7454
262
6491
4113
257
1090
1443
485
1502
11
484
460
2610
262
1502
3722
319
262
1502
12641
2443
357
292
3402
287
262
1708
22032
737
628
220
198
1639
460
1064
262
1502
30798
739
262
7929
7400
286
262
1502
287
262
22092
4809
598
13
198
4211
1514
284
6491
12
15271
13
89
7211
1754
13
785
1875
2922
281
1502
1875
7929
7400
198
4342
11
739
262
7929
7400
11
345
460
766
262
2104
30798
286
262
1502
13
7281
262
13646
286
262
1090
1443
485
5202
287
262
1502
30798
284
1833
703
340
2499
13
220
198
16
13
554
428
1339
11
262
1502
318
287
262
1502
4624
10139
11
543
1724
326
262
1502
468
587
4624
290
318
21859
12641
422
534
886
13
220
628
220
198
17
13
4874
345
3904
262
7326
2533
8284
4936
11
628
220
198
272
3053
290
29287
389
1908
284
262
6491
407
4035
606
546
262
12641
286
511
1502
4624
13
198
21106
318
281
1672
286
262
29287
326
2925
284
262
6491
13
632
3407
262
3307
546
262
2099
286
1502
4624
290
262
12641
2438
13
628
220
198
18
13
1649
262
1502
318
3492
284
307
6497
510
416
262
6491
11
345
460
2277
262
8284
23432
4936
13
198
7
1169
1502
5679
262
4424
1443
485
8284
5202
8
628
220
198
19
13
1550
10325
11
262
6491
460
2277
319
262
5923
49
3824
1961
4936
284
19361
345
326
484
423
4251
290
389
4953
379
262
1090
1443
485
13
198
198
6425
25
36707
481
635
3328
281
29287
7268
262
2792
284
262
2443
810
484
460
3904
319
262
366
283
36207
1
4936
13
628
220
198
7
3152
428
11
262
1502
6100
284
262
22092
27350
1079
10139
8
628
220
198
3844
11
1752
534
3085
2888
2925
503
284
1021
625
262
1502
284
262
6491
11
345
460
1317
340
355
564
250
47
9484
3205
447
251
13
628
220
220
198
8134
3447
262
2443
284
766
262
6153
3722
13
921
460
635
3904
319
262
5243
12163
284
2610
262
1502
3722
13
628
220
198
7
464
1502
468
4251
262
8284
32983
10139
8
198
198
6425
25
1114
257
1090
1443
485
1502
11
345
460
1317
262
1502
355
32983
611
262
2836
1595
447
247
83
3904
319
262
2792
290
2925
656
534
3650
284
2824
262
1502
13
198
464
1844
1502
3722
1863
351
511
640
481
307
7424
284
262
4297
355
3402
2174
784
628
628
